object Form3: TForm3
  Width = 640
  Height = 480
  object WebLinkLabel1: TWebLinkLabel
    Left = 168
    Top = 392
    Width = 46
    Height = 15
    HeightPercent = 100.000000000000000000
    WidthPercent = 100.000000000000000000
    OnClick = WebLinkLabel1Click
    Caption = 'TopPage'
  end
  object WebLabel1: TWebLabel
    Left = 136
    Top = 16
    Width = 58
    Height = 15
    Caption = 'WebLabel1'
    HeightPercent = 100.000000000000000000
    WidthPercent = 100.000000000000000000
  end
  object WebHTMLForm1: TWebHTMLForm
    Left = 108
    Top = 56
    Width = 400
    Height = 300
    Action = ''
  end
end
