object Frame2: TFrame2
  Left = 0
  Top = 0
  Width = 403
  Height = 318
  TabOrder = 0
  object WebPanel1: TWebPanel
    Left = 0
    Top = 0
    Width = 403
    Height = 318
    Align = alClient
    BorderColor = clBackground
    Caption = 'WebPanel1'
    ChildOrder = 3
    TabOrder = 0
    object WebLabel1: TWebLabel
      Left = 64
      Top = 64
      Width = 58
      Height = 15
      Caption = 'WebLabel1'
      HeightPercent = 100.000000000000000000
      WidthPercent = 100.000000000000000000
    end
    object WebLabel2: TWebLabel
      Left = 64
      Top = 120
      Width = 58
      Height = 15
      Caption = 'WebLabel2'
      HeightPercent = 100.000000000000000000
      WidthPercent = 100.000000000000000000
    end
    object WebLabel3: TWebLabel
      Left = 200
      Top = 120
      Width = 58
      Height = 15
      Caption = 'WebLabel3'
      HeightPercent = 100.000000000000000000
      WidthPercent = 100.000000000000000000
    end
  end
end
